coach  : 0,0,0,0,0,0,0,1,0,0,
jason  : 0,0,0,0,0,0,0,0,0,1,
kluft,  : 0,0,0,0,1,0,0,0,0,0,
recapturing  : 0,0,1,0,0,0,0,0,0,0,
go  : 0,0,1,0,1,0,0,0,0,0,
athens  : 0,0,0,0,0,0,0,0,0,1,
indoors.  : 0,0,0,0,0,1,0,0,0,0,
looking  : 0,0,0,0,0,0,0,1,0,1,
34.  : 0,0,0,0,0,0,0,1,0,0,
young  : 0,0,1,0,0,0,0,0,0,0,
monaco,  : 0,0,0,1,0,0,0,0,0,0,
earlier.  : 0,0,0,0,0,0,1,0,0,0,
federation  : 0,0,0,1,0,0,0,0,0,0,
kitts  : 0,0,0,0,0,0,0,0,0,1,
now,"  : 0,0,0,0,0,0,0,1,0,0,
6.63m,  : 0,0,0,0,1,0,0,0,0,0,
women's  : 0,0,0,0,1,0,0,0,1,0,
low-key  : 0,0,0,0,0,0,0,0,1,0,
impressive  : 0,0,0,0,0,0,1,0,0,0,
stiff  : 0,0,0,0,0,0,1,0,0,0,
12th  : 0,0,0,0,0,1,0,0,0,0,
solved  : 0,0,0,0,0,0,0,1,0,0,
race  : 0,0,1,0,1,1,1,0,0,0,
o'sullivan  : 0,1,0,0,0,0,0,0,0,0,
gardener  : 0,0,0,0,0,0,0,0,0,1,
team  : 0,1,0,0,0,0,0,0,0,0,
2004.  : 0,0,0,0,0,0,0,1,0,0,
programme  : 0,0,0,1,0,0,0,0,0,0,
olympic  : 0,0,1,0,1,1,0,0,0,1,
says  : 0,0,0,0,0,0,0,0,0,1,
her,  : 0,0,0,0,0,0,0,1,0,0,
jump  : 1,0,0,0,1,0,0,1,1,0,
second  : 0,0,0,0,1,1,0,0,0,0,
believes  : 0,0,1,0,0,0,0,0,0,0,
500m  : 0,0,0,0,1,0,0,0,0,0,
even  : 0,0,0,0,0,1,0,0,0,0,
selected  : 0,1,0,0,0,0,0,0,0,0,
public  : 0,0,0,1,0,0,0,0,0,0,
field,"  : 0,0,0,0,0,0,0,0,0,1,
new  : 1,0,0,0,0,0,0,0,0,0,
officially  : 0,1,0,0,0,0,0,0,0,0,
slovenia's  : 0,0,0,0,1,0,0,0,0,0,
told  : 0,0,0,0,0,0,0,1,0,0,
specialist  : 0,0,0,0,0,0,0,1,0,0,
28-year-old  : 0,0,0,0,0,0,0,0,1,0,
byrne,  : 0,1,0,0,0,0,0,0,0,0,
healing  : 0,0,0,0,0,0,0,1,0,0,
determination,"  : 0,0,0,0,0,0,0,1,0,0,
strong  : 0,0,0,0,0,0,0,0,0,1,
lewis-francis.  : 0,0,0,0,0,0,0,0,0,1,
change  : 0,0,0,1,0,0,0,0,0,0,
great  : 0,1,0,0,0,0,0,0,0,1,
hansen  : 0,0,0,0,0,0,0,1,0,0,
forum  : 0,0,0,1,0,0,0,0,0,0,
7:39.89  : 0,0,0,0,1,0,0,0,0,0,
dublin  : 0,0,0,0,0,0,1,0,0,0,
sooner,  : 0,0,0,0,0,0,0,1,0,0,
defeat  : 0,0,0,0,0,1,0,0,0,0,
action  : 0,0,0,0,0,0,0,0,1,0,
added.  : 0,0,0,0,0,0,0,1,0,0,
friday's  : 0,0,1,0,0,0,0,0,0,0,
campaign  : 1,0,0,0,0,0,0,0,0,0,
long-course  : 0,1,0,0,0,0,0,0,0,0,
win  : 0,0,0,0,0,0,0,0,1,1,
council,  : 0,0,0,1,0,0,0,0,0,0,
bekele's  : 0,0,0,0,1,0,0,0,0,0,
indoors  : 1,0,0,0,0,0,0,0,0,1,
dublin.  : 0,1,0,0,0,0,0,0,0,0,
form."  : 0,0,0,0,0,0,0,0,0,1,
hoping  : 0,0,0,0,0,0,0,0,0,1,
exciting  : 0,0,0,0,0,0,0,0,0,1,
would  : 0,1,1,0,0,0,0,1,0,0,
prove  : 0,0,1,0,0,0,0,0,0,0,
two  : 0,0,0,1,0,0,1,1,0,0,
france  : 0,1,1,0,0,1,0,0,0,0,
claxton  : 1,0,0,0,0,0,0,0,0,0,
call  : 0,0,0,1,0,0,0,0,0,0,
australian  : 0,0,0,0,0,0,1,0,0,0,
injury  : 0,0,0,0,0,0,0,1,0,0,
minor  : 0,0,0,0,0,0,1,0,0,0,
compatriot  : 0,0,0,0,1,0,0,0,0,0,
fellow  : 0,0,0,0,0,1,0,0,0,0,
relay  : 0,0,1,0,0,0,0,0,0,1,
carroll  : 0,0,0,0,0,0,1,0,0,0,
thought."  : 0,0,0,1,0,0,0,0,0,0,
problem  : 0,0,0,0,0,0,0,1,0,0,
leonard  : 0,0,0,0,0,1,0,0,0,0,
championships  : 0,0,0,0,0,0,0,0,0,1,
wound  : 0,0,0,0,0,0,0,1,0,0,
season."  : 0,0,0,0,0,1,0,0,0,0,
athlete  : 0,0,0,1,0,0,0,1,0,0,
"de-mystify"  : 0,0,0,1,0,0,0,0,0,0,
australia,  : 0,1,0,0,0,0,0,0,0,0,
carolina  : 0,0,0,0,1,0,0,0,0,0,
rehabilitation  : 0,0,0,0,0,0,0,1,0,0,
"there  : 0,0,0,0,0,0,0,1,0,0,
didn't  : 0,0,0,0,1,0,0,0,0,0,
high  : 0,0,0,0,0,0,0,0,1,0,
want  : 0,0,0,0,1,0,0,0,0,1,
year's  : 0,0,0,0,0,0,1,0,0,0,
provincial  : 0,1,0,0,0,0,0,0,0,0,
sit  : 0,0,0,1,1,0,0,0,0,0,
holds  : 0,0,1,0,0,0,0,0,0,0,
american  : 0,0,0,0,0,0,1,0,0,0,
cragg.  : 0,0,0,0,1,0,0,0,0,0,
fourth  : 0,0,0,0,0,0,1,0,0,0,
"we're  : 0,0,0,0,0,0,0,1,0,0,
5.05m  : 0,0,0,0,0,1,0,0,0,0,
nevis  : 0,0,0,0,0,0,0,0,0,1,
hurdles  : 1,0,0,0,0,0,0,0,0,0,
seasons,  : 1,0,0,0,0,0,0,0,0,0,
"there's  : 0,0,1,0,0,0,0,0,0,0,
may  : 0,1,0,0,0,0,0,1,0,0,
1.76m  : 0,0,0,0,0,0,0,0,1,0,
jumping  : 0,0,0,0,0,0,0,1,0,0,
coming  : 0,0,1,0,0,0,0,0,0,0,
jolanda  : 0,0,0,0,1,0,0,0,0,0,
lap  : 0,0,0,0,1,0,0,0,0,0,
attempt  : 0,0,0,0,0,1,0,0,0,0,
helsinki  : 0,0,1,0,0,0,0,0,0,1,
st  : 0,0,0,0,0,0,0,0,0,1,
chief  : 0,0,0,1,0,0,0,0,0,0,
things  : 0,0,0,1,0,0,0,0,0,0,
summer.  : 0,0,0,0,0,0,0,0,0,1,
summer,  : 0,0,0,0,0,0,0,1,0,0,
six  : 0,0,1,0,0,0,0,0,0,0,
sidelined  : 0,0,0,0,0,0,0,1,0,0,
competing  : 0,0,0,0,0,0,0,0,0,1,
years  : 0,1,0,0,0,0,0,0,0,0,
london  : 1,1,0,0,0,0,0,0,0,0,
fit  : 0,0,0,0,0,0,0,1,0,0,
matthew  : 0,0,0,0,0,0,1,0,0,0,
months,  : 0,0,0,0,0,0,0,1,0,0,
winning  : 0,0,0,0,1,0,0,0,0,1,
late  : 0,0,0,0,0,0,1,0,0,0,
6.39  : 0,0,1,0,0,0,0,0,0,0,
weeks  : 0,0,0,0,0,0,1,0,0,0,
it.  : 0,0,0,0,1,0,0,0,0,0,
aston  : 0,0,0,0,0,0,0,1,0,0,
heptathlon  : 0,0,0,0,1,0,0,0,0,0,
running  : 0,0,1,0,0,0,0,0,0,0,
food  : 0,0,0,1,0,0,0,0,0,0,
crowd,"  : 0,0,1,0,0,0,0,0,0,0,
sooner  : 0,0,0,0,0,0,0,1,0,0,
spokesman.  : 0,0,0,1,0,0,0,0,0,0,
winter's  : 0,0,0,0,0,0,1,0,0,0,
year.  : 0,0,0,0,1,0,0,0,0,0,
you've  : 0,0,1,0,0,0,0,0,0,0,
hands  : 0,0,0,0,0,1,0,0,0,0,
front  : 0,0,0,0,0,0,0,0,0,1,
colchester  : 1,0,0,0,0,0,0,0,0,0,
discuss  : 0,0,0,1,0,0,0,0,0,0,
easily  : 0,0,0,0,1,0,0,0,0,0,
miscounted  : 0,0,0,0,1,0,0,0,0,0,
week.  : 0,1,0,0,0,1,0,0,0,0,
always  : 0,0,1,0,0,0,0,0,0,0,
all,  : 0,0,0,1,0,0,0,0,0,0,
form.  : 1,0,0,0,0,0,0,0,0,0,
soon.  : 0,0,0,0,1,0,0,0,0,0,
good  : 0,0,0,0,0,0,0,0,0,1,
victory  : 0,0,0,0,0,0,1,0,0,0,
went  : 0,0,0,0,0,1,0,0,0,0,
nationals  : 0,1,0,0,0,0,0,0,0,0,
bupa  : 0,1,0,0,0,0,0,0,0,0,
namibian  : 0,0,0,1,0,0,0,0,0,0,
commonwealth  : 0,0,0,0,0,0,0,1,0,0,
everyone  : 0,0,0,1,0,0,0,0,0,0,
14:39.29  : 0,0,0,0,1,0,0,0,0,0,
"getting  : 0,0,0,1,0,0,0,0,0,0,
dibaba  : 0,0,0,0,1,0,0,0,0,0,
event  : 0,1,0,0,0,0,0,0,0,0,
really  : 0,0,0,0,0,0,0,0,0,1,
100m  : 0,0,0,0,0,1,0,0,0,1,
fazed  : 0,0,0,0,0,0,0,1,0,0,
defend  : 0,0,0,0,0,0,0,0,0,1,
since  : 1,0,0,0,0,0,0,1,0,0,
2:01.52.  : 0,0,0,0,1,0,0,0,0,0,
time,  : 1,0,0,0,0,0,0,0,0,0,
they'll  : 0,0,0,0,0,0,0,0,0,1,
got  : 0,0,1,0,0,0,0,0,0,1,
cobh  : 0,1,0,0,0,0,0,0,0,0,
announced  : 0,1,0,0,0,0,0,0,0,0,
attended  : 0,0,0,1,0,0,0,0,0,0,
norwich  : 0,0,1,0,0,1,0,0,0,0,
lamine  : 0,0,0,1,0,0,0,0,0,0,
admits  : 0,0,1,0,0,0,0,0,0,0,
base  : 0,1,0,0,0,0,0,0,0,0,
members  : 0,0,0,1,0,0,0,0,0,0,
60m,  : 0,0,1,0,0,1,0,0,0,0,
ceplak  : 0,0,0,0,1,0,0,0,0,0,
training  : 1,1,1,0,0,0,1,0,0,0,
recovering  : 0,0,0,0,0,0,1,0,0,0,
selections  : 0,1,0,0,0,0,0,0,0,0,
ato  : 0,0,1,0,0,0,0,0,0,0,
could  : 1,0,1,0,0,1,0,0,0,0,
finland  : 0,0,0,0,0,0,0,0,0,1,
days  : 0,0,0,0,0,1,0,0,0,0,
british  : 0,0,0,0,0,0,0,0,0,1,
keep  : 0,0,0,1,0,0,0,0,0,0,
saturday's  : 0,1,0,0,0,0,0,0,0,0,
athletes'  : 0,0,0,1,0,0,0,0,0,0,
fredericks,  : 0,0,0,1,0,0,0,0,0,0,
place  : 1,0,0,0,0,0,0,0,0,0,
threat  : 0,0,1,0,0,0,0,0,0,0,
athletes,  : 0,0,0,1,0,0,0,0,0,0,
think  : 0,0,1,0,0,0,0,0,0,0,
first  : 1,1,0,0,0,0,0,0,0,0,
too.  : 0,0,0,0,1,0,0,0,0,0,
sunday's  : 0,0,0,1,0,0,0,0,0,0,
one  : 0,0,1,0,0,0,0,0,0,1,
another  : 0,0,1,0,1,0,0,0,0,0,
introduction  : 0,0,0,0,0,0,0,1,0,0,
leading  : 0,0,0,1,0,0,1,0,0,0,
laps  : 0,0,0,0,1,0,0,0,0,0,
family,  : 0,0,0,1,0,0,0,0,0,0,
iaaf  : 0,0,0,1,0,0,0,0,0,0,
final  : 0,0,1,0,0,0,0,0,0,1,
nutrition  : 0,0,0,1,0,0,0,0,0,0,
way  : 0,0,0,0,0,1,0,0,0,0,
season  : 0,0,1,0,0,0,0,0,0,0,
sweden's  : 0,0,0,0,1,0,0,0,0,0,
men's  : 0,0,1,0,1,1,0,0,0,0,
took  : 0,0,0,0,1,0,0,0,0,0,
alan  : 0,0,0,0,0,0,1,0,0,0,
forward  : 0,0,0,0,0,0,0,0,0,1,
part  : 0,1,0,0,0,0,0,0,0,0,
prix.  : 0,0,1,0,0,0,0,0,0,0,
believe  : 0,0,1,0,0,0,0,0,0,0,
holder  : 0,0,0,0,0,0,1,0,0,1,
positively  : 0,0,0,1,0,0,0,0,0,0,
distance  : 0,0,1,0,0,0,0,0,0,0,
14  : 0,0,0,0,1,0,0,0,0,0,
leg.  : 0,0,1,0,0,0,0,0,0,0,
rival  : 0,0,1,0,0,0,0,0,0,0,
out-kicked,"  : 0,0,0,0,1,0,0,0,0,0,
13.86m  : 0,0,0,0,0,0,0,0,1,0,
likely  : 0,1,0,0,0,0,0,0,0,0,
matter  : 0,0,0,0,1,0,0,0,0,0,
height.  : 0,0,0,0,0,1,0,0,0,0,
3,000m  : 0,0,0,0,1,0,1,0,0,0,
injury,"  : 0,0,0,0,0,0,1,0,0,0,
prospect  : 0,0,0,0,0,0,0,1,0,0,
runner  : 0,1,0,0,0,0,0,0,0,0,
craig  : 0,0,0,0,0,0,1,0,0,0,
return  : 0,0,0,0,0,0,0,1,1,1,
say  : 0,0,1,0,0,0,0,0,0,0,
part.  : 0,0,0,0,0,0,0,0,0,1,
coming.  : 0,0,1,0,0,0,0,0,0,0,
qatar.  : 0,0,0,1,0,0,0,0,0,0,
marathon  : 0,1,0,0,0,0,0,0,0,0,
issue  : 0,0,0,1,0,0,0,0,0,0,
arena."  : 0,0,0,0,0,0,0,1,0,0,
able  : 0,0,1,0,0,0,0,1,0,0,
also  : 1,1,1,1,0,1,0,0,0,1,
lewis-francis  : 0,0,1,0,0,0,0,0,0,1,
take  : 1,1,0,0,0,0,0,0,0,1,
forces  : 0,0,0,1,0,0,0,0,0,0,
(boldon)  : 0,0,1,0,0,0,0,0,0,0,
battled  : 0,0,0,0,1,0,0,0,0,0,
kenenisa  : 0,0,0,0,1,0,0,0,0,0,
me."  : 0,0,1,0,0,0,0,0,0,0,
adera,  : 0,0,0,0,1,0,0,0,0,0,
time."  : 0,0,1,0,0,0,0,0,0,0,
american,  : 0,0,0,0,0,1,0,0,0,0,
though  : 0,0,0,0,0,0,0,1,0,0,
react  : 0,0,1,0,0,0,0,0,0,0,
plan  : 0,0,0,0,1,0,0,0,0,1,
pair  : 0,0,1,0,0,0,0,0,0,0,
cleared  : 0,0,0,0,0,1,0,0,1,0,
medal  : 0,0,0,0,0,0,0,0,0,1,
maria  : 0,1,0,0,0,0,0,0,0,0,
finland.  : 0,0,1,0,0,0,0,0,0,0,
5-6  : 1,0,0,0,0,0,0,0,0,0,
sprinting  : 0,0,0,0,0,0,0,1,0,0,
clear  : 0,0,0,0,0,1,0,0,0,0,
april.  : 0,1,0,0,0,0,0,0,0,0,
2006,  : 0,0,0,0,0,0,0,1,0,0,
7:41.42.  : 0,0,0,0,1,0,0,0,0,0,
came  : 0,0,1,0,0,1,0,0,0,0,
alone.  : 0,0,1,0,0,0,0,0,0,0,
beaten  : 0,0,0,0,0,0,1,0,0,0,
shot  : 0,0,0,0,0,0,0,0,1,0,
gold  : 0,0,1,0,0,0,0,0,0,1,
agreed  : 0,0,0,1,0,0,0,0,0,0,
indoor  : 0,0,1,0,1,0,0,0,1,1,
evening."  : 0,0,0,0,0,0,0,0,0,1,
prix  : 0,0,0,0,0,1,0,0,0,0,
slow  : 0,0,0,0,0,0,0,1,0,0,
title  : 0,0,1,0,0,0,0,0,0,1,
10km,  : 0,0,0,0,0,0,1,0,0,0,
explain  : 1,0,0,0,0,0,0,0,0,0,
winner  : 0,0,0,0,0,0,1,0,0,0,
failed  : 0,0,0,0,0,1,0,0,0,0,
team.  : 0,1,0,0,0,0,0,0,0,0,
mine."  : 0,0,0,0,1,0,0,0,0,0,
sure  : 0,0,0,0,0,0,0,0,0,1,
santry  : 0,1,0,0,0,0,0,0,0,0,
boston.  : 0,0,0,0,0,0,1,0,0,0,
get  : 0,0,0,0,1,0,0,1,0,0,
express  : 0,0,0,1,0,0,0,0,0,0,
next  : 0,0,0,0,0,0,0,1,0,0,
commission.  : 0,0,0,1,0,0,0,0,0,0,
preparing  : 1,1,0,0,0,0,0,0,0,0,
joins  : 0,0,0,0,0,0,0,0,0,1,
collins  : 0,0,0,0,0,0,0,0,0,1,
report  : 0,0,0,1,0,0,0,0,0,0,
scott,  : 0,0,0,0,0,1,0,0,0,0,
scott.  : 0,0,0,0,0,1,0,0,0,0,
35-year-old  : 0,1,0,0,0,0,1,0,0,0,
17  : 0,1,0,0,0,0,0,0,0,0,
boost  : 0,1,0,0,0,0,0,0,0,0,
teams  : 0,1,0,0,0,0,0,0,0,0,
greene  : 0,0,1,0,0,1,0,0,0,1,
including  : 0,0,0,1,0,0,0,0,0,0,
automatic  : 0,1,0,0,0,0,0,0,0,0,
respond  : 0,0,0,1,0,0,0,0,0,0,
set  : 0,0,1,1,1,0,0,1,0,0,
maurice  : 0,0,0,0,0,1,0,0,0,1,
turnbull.  : 0,0,0,0,0,0,1,0,0,0,
see  : 1,0,0,1,0,0,0,0,0,0,
decided  : 0,0,0,1,0,0,0,0,0,0,
result  : 0,0,0,0,0,0,0,0,0,1,
top-level  : 0,0,0,0,0,0,0,1,0,0,
sport  : 0,0,0,1,0,0,0,0,0,0,
best  : 0,0,0,0,0,1,0,0,0,1,
said  : 0,0,0,1,1,1,1,1,0,0,
ambitions  : 0,0,1,0,0,0,0,0,0,0,
currently  : 0,0,1,0,0,0,0,0,0,0,
years.  : 0,0,0,0,0,0,1,0,0,0,
consecutive  : 0,0,0,0,0,1,0,0,0,0,
"nothing  : 0,0,0,1,0,0,0,0,0,0,
dividends  : 1,0,0,0,0,0,0,0,0,0,
"now  : 0,0,1,0,0,0,0,0,0,0,
sprinters  : 0,0,0,0,0,0,0,0,0,1,
o'sullivan,  : 0,1,0,0,0,0,0,0,0,0,
bronze  : 0,1,0,0,0,0,0,0,0,0,
last  : 0,1,0,0,1,1,1,0,0,0,
career  : 0,0,0,0,0,1,0,0,0,0,
he's  : 0,0,0,0,0,0,0,0,0,1,
stuttgart  : 0,0,0,0,1,0,0,0,0,0,
games  : 0,0,0,0,0,0,0,1,0,0,
faces  : 0,0,1,0,0,0,0,0,0,0,
4.88m  : 0,0,0,0,0,1,0,0,0,0,
duty  : 0,0,0,1,0,0,0,0,0,0,
champion,  : 0,0,0,0,1,0,0,1,0,0,
unclear  : 0,0,0,0,0,0,0,1,0,0,
bekele  : 0,0,0,0,1,0,0,0,0,0,
race.  : 0,0,0,0,0,0,1,0,0,0,
60  : 0,0,0,1,0,0,0,0,0,1,
doping  : 0,0,0,1,0,0,0,0,0,0,
august.  : 0,0,1,0,0,0,0,0,0,1,
better  : 0,0,0,0,0,0,0,0,0,1,
union  : 0,0,1,0,0,1,0,0,0,0,
march,  : 0,0,0,0,0,0,0,1,0,0,
currentily  : 0,1,0,0,0,0,0,0,0,0,
three  : 0,1,0,0,0,0,0,0,0,0,
alistair  : 0,0,0,0,1,0,0,0,0,0,
ran  : 0,0,0,0,0,1,0,0,0,1,
ireland  : 0,1,0,0,0,0,0,0,0,0,
"i'm  : 0,0,0,0,0,0,0,0,0,1,
meeting  : 0,0,1,1,0,1,0,0,1,0,
threw  : 0,0,0,0,0,0,0,0,1,0,
heal.  : 0,0,0,0,0,0,0,1,0,0,
champion  : 0,0,0,0,0,1,0,0,0,1,
mccambridge  : 0,1,0,0,0,0,0,0,0,0,
else  : 0,0,1,0,0,0,0,0,0,0,
races  : 0,0,0,0,0,0,0,0,0,1,
understand  : 0,0,0,0,0,0,1,0,0,0,
catch  : 0,0,1,0,0,0,0,0,0,0,
fionnualla  : 0,1,0,0,0,0,0,0,0,0,
former  : 0,0,0,0,0,1,0,0,0,0,
present  : 0,1,0,0,0,0,0,0,0,0,
ahead  : 0,0,1,0,0,0,0,1,0,0,
solid  : 0,0,0,0,0,0,1,0,0,0,
aim  : 0,0,0,0,0,0,0,1,0,0,
involved  : 0,0,0,0,0,0,0,1,0,0,
stakeholders  : 0,0,0,1,0,0,0,0,0,0,
frustrating  : 0,0,0,0,0,0,0,1,0,0,
mistake  : 0,0,0,0,1,0,0,0,0,0,
6.46secs,  : 0,0,0,0,0,1,0,0,0,0,
supporters.  : 0,0,0,0,0,0,0,0,0,1,
"i  : 0,0,1,1,1,1,1,0,0,1,
middle  : 0,0,1,0,0,0,0,0,0,0,
someone  : 0,0,1,0,0,0,0,0,0,0,
19-20  : 0,1,0,0,0,0,0,0,0,0,
triple  : 0,0,0,0,0,0,0,1,0,0,
3km,  : 0,0,0,0,0,0,1,0,0,0,
hansen,  : 0,0,0,0,0,0,0,1,0,0,
said.  : 0,0,1,0,0,0,0,1,0,1,
april  : 0,1,0,1,0,0,0,0,0,0,
perform  : 0,0,0,0,0,0,0,0,0,1,
media  : 0,0,0,1,0,0,0,0,0,0,
make  : 0,0,0,0,0,0,1,1,0,0,
mottram,  : 0,0,0,0,0,0,1,0,0,0,
member  : 0,0,0,1,0,0,0,0,0,0,
jolene  : 0,1,0,0,0,0,0,0,0,0,
grand  : 0,0,1,0,0,1,0,0,0,0,
9  : 0,1,0,0,0,0,0,0,0,0,
stepped  : 0,0,0,0,0,0,1,0,0,0,
european  : 1,0,0,0,0,0,0,1,0,0,
finish  : 0,0,0,0,1,1,0,0,0,0,
line-up  : 0,1,0,0,0,0,0,0,0,0,
nia  : 0,0,0,0,0,0,0,0,0,1,
director  : 0,0,0,0,0,0,1,0,0,0,
berhane  : 0,0,0,0,1,0,0,0,0,0,
moving  : 1,0,0,0,0,0,0,0,0,0,
i'm  : 0,0,0,0,0,0,0,0,0,1,
recent  : 0,0,0,0,0,0,1,0,0,0,
event.  : 0,0,0,0,0,0,0,1,0,0,
event,  : 0,0,0,0,0,0,1,0,0,0,
task  : 0,0,1,1,0,0,0,0,0,0,
kept  : 0,0,0,0,1,0,0,0,0,0,
poland  : 0,0,0,0,0,0,0,1,0,0,
well  : 0,0,0,0,0,0,0,0,0,1,
know  : 0,0,0,0,0,1,0,0,0,0,
resuming  : 0,0,1,0,0,0,0,0,0,0,
doping,"  : 0,0,0,1,0,0,0,0,0,0,
birmingham.  : 0,0,0,0,0,1,0,0,1,0,
outdoor  : 0,0,1,0,0,0,0,0,0,0,
frankie  : 0,0,0,1,0,0,0,0,0,0,
-  : 1,0,0,1,0,0,0,1,0,0,
seconds.  : 0,0,1,0,0,0,0,0,0,0,
competitive  : 0,0,0,0,0,0,0,1,0,0,
shape  : 0,0,0,0,0,0,0,0,0,1,
russian's  : 0,0,0,0,0,1,0,0,0,0,
themselves,"  : 0,0,0,1,0,0,0,0,0,0,
guys  : 0,0,1,0,0,0,0,0,0,0,
previous  : 1,0,0,0,1,0,0,0,0,0,
4x100m  : 0,0,1,0,0,0,0,0,0,0,
jumper."  : 0,0,0,0,0,0,0,1,0,0,
cup  : 0,0,0,0,0,0,0,1,0,0,
perfectly,"  : 0,0,0,0,0,1,0,0,0,0,
silver  : 0,0,0,0,0,0,0,0,0,1,
sydney  : 0,0,0,0,0,0,0,0,0,1,
gave  : 0,0,0,1,0,0,0,0,0,0,
australia  : 0,0,0,0,0,0,1,0,0,0,
kluft  : 0,0,0,0,1,0,0,0,0,0,
big  : 0,0,0,0,0,0,0,0,0,1,
five  : 0,0,1,0,0,0,0,0,0,0,
diack  : 0,0,0,1,0,0,0,0,0,0,
world  : 0,0,1,0,1,1,0,0,0,1,
aiming  : 0,0,0,0,0,0,0,0,0,1,
metres  : 0,0,0,0,0,0,0,0,0,1,
issues.  : 0,0,0,1,0,0,0,0,0,0,
like  : 0,0,1,0,0,0,0,0,0,0,
ethiopian,  : 0,0,0,0,1,0,0,0,0,0,
10km  : 0,0,0,0,0,0,1,0,0,0,
facing  : 0,0,0,0,0,0,1,0,0,0,
underestimating  : 0,0,0,0,0,0,0,0,0,1,
january  : 0,0,0,0,0,0,1,0,0,0,
webb  : 0,0,0,0,0,0,1,0,0,0,
scored  : 0,0,0,0,0,0,1,0,0,0,
debut  : 0,0,0,0,0,0,1,0,0,0,
hinted  : 0,1,0,0,0,0,0,0,0,0,
people  : 0,0,1,1,0,0,0,0,0,0,
back  : 0,0,0,1,1,0,0,1,0,0,
birmingham  : 0,0,0,0,0,1,0,0,0,1,
erase  : 0,0,0,0,1,0,0,0,0,0,
"we  : 0,0,0,1,0,0,0,0,0,0,
home  : 0,0,0,0,0,0,0,0,0,1,
sprint  : 0,0,0,0,1,0,0,0,0,0,
put.  : 0,0,0,0,0,0,0,0,1,0,
short-term  : 0,0,0,0,0,0,0,1,0,0,
contested  : 1,0,0,0,0,0,0,0,0,0,
ireland's  : 0,0,0,0,1,0,0,0,0,0,
leap  : 1,0,0,0,0,0,0,0,0,0,
denied  : 0,0,1,0,0,0,0,0,0,0,
participation  : 0,1,0,0,0,0,1,0,0,0,
felt  : 0,0,1,0,0,0,0,0,0,0,
run  : 0,1,0,0,0,0,0,0,0,0,
seconds  : 0,0,0,0,1,0,0,0,0,0,
sixth  : 0,0,0,0,0,0,0,0,0,1,
performances,  : 0,0,0,0,1,0,0,0,0,0,
diack.  : 0,0,0,1,0,0,0,0,0,0,
saturday,  : 0,1,0,0,0,0,0,0,0,0,
francis  : 0,0,0,0,0,0,0,0,0,1,
athletics  : 0,1,0,1,0,0,0,0,0,0,
competition.  : 0,0,0,0,0,0,0,0,0,1,
competition,  : 0,0,0,0,0,0,0,1,0,0,
melbourne  : 0,0,0,0,0,0,0,1,0,0,
isn't  : 0,0,0,0,0,0,0,0,0,1,
gatlin  : 0,0,1,0,0,0,0,0,0,0,
peak  : 0,0,0,0,0,1,0,0,0,0,
times:  : 0,0,0,0,0,0,0,1,0,0,
march.  : 1,1,0,0,0,0,0,0,0,0,
cragg  : 0,0,0,0,1,0,0,0,0,0,
medallist  : 0,0,0,0,0,0,0,0,0,1,
pays  : 1,0,0,0,0,0,0,0,0,0,
re-focused  : 1,0,0,0,0,0,0,0,0,0,
60m  : 0,0,0,0,0,0,0,0,0,1,
obikwelu  : 0,0,0,0,0,0,0,0,0,1,
venue."  : 0,0,0,0,0,0,0,0,0,1,
mark  : 0,0,1,0,1,0,1,0,0,1,
"this  : 0,0,0,0,0,0,0,0,0,1,
crowd  : 0,0,0,0,0,0,0,0,0,1,
confident  : 0,0,0,0,0,0,0,1,0,0,
long  : 1,0,0,0,1,1,0,1,0,0,
fight  : 0,0,0,1,0,0,0,0,0,0,
start  : 0,0,0,0,0,1,0,1,0,1,
lot  : 0,0,0,1,0,0,0,0,0,0,
biggest  : 0,0,1,0,0,0,0,0,0,0,
medallists  : 0,0,0,0,0,0,0,0,0,1,
britton,  : 0,1,0,0,0,0,0,0,0,0,
happy  : 0,0,0,1,0,1,0,0,0,0,
form  : 0,1,0,0,0,0,1,0,0,1,
hoped  : 0,0,0,0,0,0,0,1,0,0,
competition  : 0,0,0,0,0,0,1,0,0,0,
hopes  : 0,0,0,0,1,0,0,0,0,0,
what,  : 0,0,0,0,1,0,0,0,0,0,
25-year-old  : 1,0,0,0,0,0,0,0,0,0,
made  : 0,0,0,0,1,0,0,0,1,0,
official  : 0,1,0,0,0,0,0,0,0,0,
staged  : 0,0,0,0,1,0,0,0,0,0,
us  : 0,0,0,1,0,0,0,0,0,0,
record  : 0,0,1,0,1,1,1,0,0,1,
"it's  : 0,0,0,0,0,0,0,1,0,0,
attentions.  : 1,0,0,0,0,0,0,0,0,0,
minutes  : 0,0,0,0,1,0,0,0,0,0,
32.93  : 0,0,0,0,1,0,0,0,0,0,
800m  : 0,0,0,0,1,0,0,0,0,0,
irish  : 0,0,0,0,0,0,1,0,0,0,
moore  : 0,0,0,0,0,0,0,1,0,0,
year  : 0,0,0,0,0,0,1,0,0,1,
priority.  : 0,0,0,1,0,0,0,0,0,0,
examine  : 0,0,0,1,0,0,0,0,0,0,
"so  : 0,0,0,0,1,0,0,0,0,0,
regime  : 1,0,0,0,0,0,0,0,0,0,
contest  : 0,0,1,0,0,0,0,0,0,0,
dashed  : 0,0,0,0,1,0,0,0,0,0,
agio.  : 0,1,0,0,0,0,0,0,0,0,
5km  : 0,0,0,0,0,0,1,0,0,0,
field  : 0,0,0,1,0,0,0,0,0,0,
pace.  : 0,0,0,0,1,0,0,0,0,0,
mass  : 0,0,0,0,0,0,1,0,0,0,
championships.  : 0,0,0,0,0,0,0,0,0,1,
clean."  : 0,0,0,1,0,0,0,0,0,0,
star  : 0,0,1,0,0,0,0,0,0,1,
carroll,  : 0,0,0,0,0,0,1,0,0,0,
kansas  : 0,0,1,0,0,0,0,0,0,0,
june  : 0,0,0,0,0,0,0,1,0,0,
allowing  : 0,0,0,1,0,0,0,0,0,0,
"jason  : 0,0,0,0,0,0,0,0,0,1,
included  : 0,1,0,0,0,0,0,0,0,0,
together  : 0,0,0,1,0,0,0,0,0,0,
2003  : 0,0,0,0,0,0,0,0,0,1,
britain's  : 0,0,1,0,0,0,0,0,0,1,
crown.  : 0,0,1,0,0,0,0,0,0,0,
greene's  : 0,0,0,0,0,1,0,0,0,0,
reception  : 0,0,0,0,0,0,0,0,0,1,
time  : 0,0,0,0,0,1,0,1,0,0,
push  : 0,0,0,0,0,0,0,1,0,0,
she's  : 0,0,0,0,0,0,1,0,0,0,
"the  : 0,0,0,0,0,0,0,1,0,0,
head-to-head  : 0,0,1,0,0,0,0,0,0,0,
